// PROJECTED COORDINATES -> LATITUDE / LONGITUDE, for ArcGIS Arcade.
// Build: US State Plane + UTM worldwide -- 1139 EPSG codes (908 projected-zone variants, 231 UTM/BLM), 254 parameter sets.
// Generated by build_expression.py from arcpy.SpatialReference. Do not hand-edit.
//
// USE: set MD below.
//   "LAT"  latitude as a number   -> Calculate Field into a DOUBLE field
//   "LON"  longitude as a number  -> Calculate Field into a DOUBLE field
//   "BOTH" "Lat: 37.4952, Lon: -89.09" -> popups, labels, or a TEXT field
//   "RULE" attribute-rule dictionary writing both fields at once
// Float fields cap accuracy near 0.2 m; use Double. Attribute rules also need
// the feature class to have a GlobalID field.
//
// Any geometry type. Non-point features report the geometry centroid, which for a
// concave or donut polygon can fall outside the polygon; Arcade has no
// guaranteed-inside point.
//
// DATUM: an inverse projection does not change datum. Output is geodetic on the
// source datum. Feature classes already stored geographic pass straight through.
//
// Ellipsoids in this build: a=6378137 1/f=298.257222101; a=6378137 1/f=298.257223563
var MD="LAT";
var FMT="#.######";
var LF="LAT_CALCULATED";
var NF="LON_CALCULATED";
var FV=null;
var GW=[4152,4269,4326,4759,6318,6322,6325,6783];
var KS=[0.9996,0.9999,0.9999090909090909,0.9999166666666667,0.999933333,0.9999333333333333,0.9999375,0.9999411764705882,0.9999473684210526,0.99995,0.99996,0.9999642857142857,0.9999666666666667,0.999975,0.99999,0.99999375,0.999995,1];
var FE=[100000,150000,165000,200000,200000.0001016,213360,250000,300000,304800.6096,350000,400000,500000,600000,609600,609601.219202438,609601.22,700000,800000,830000,850000,900000,914401.8289,1000000,1500000,2000000,2500000,3499999.999999999,3500000,3999999.999999999,4000000,5000000,6000000,7999999.999999998,8000000];
var FN=[-5000000,0,100000,152400.3048,200000,250000,304800.6096,400000,500000,750000,1000000,2000000,3000000,4000000,4999999.999999999,5000000,6000000,6000000.000000001,7999999.999999999,8000000,10000000];
var UT=[0.3048,0.30480060960121924,1];
var ZN=[
[0,0,-615600,0,0,11,20,0],[1,135000,-303300,136680,140280,11,1,0],[0,111600,-396600,1,0,5,1,0],
[0,111600,-402900,1,0,5,1,0],[0,111600,-409500,5,0,5,1,0],[1,141600,-439200,144000,150000,24,8,0],
[1,135600,-439200,138000,143400,24,8,0],[1,131400,-433800,133440,138360,24,8,0],
[1,127200,-428400,129600,134100,24,8,0],[1,120600,-424800,122520,127680,24,8,0],
[1,115800,-418500,118020,121980,24,8,0],[1,141600,-379800,142980,146820,21,6,0],
[1,136200,-379800,138420,143100,21,6,0],[1,132000,-379800,134040,138360,21,6,0],
[1,147000,-261900,148320,150720,8,3,0],[0,136800,-271500,16,0,3,1,0],[0,87600,-291600,7,0,3,1,0],
[0,87600,-295200,7,0,3,1,0],[1,104400,-304200,106500,110700,12,1,0],[0,108000,-295800,1,0,3,1,0],
[0,108000,-303000,1,0,16,1,0],[0,150000,-403800,8,0,3,1,0],[0,150000,-410400,8,0,11,1,0],
[0,150000,-416700,5,0,17,1,0],[1,130800,-308700,132240,136560,11,8,0],
[1,135600,-277200,137880,142020,10,1,0],[1,147600,-257400,150180,153660,3,9,0],
[1,147600,-253800,148620,149340,11,1,0],[1,161220,-313200,163740,169500,32,1,0],
[1,155940,-303720,159060,164520,31,1,0],[1,149400,-303720,151560,157200,28,1,0],
[0,106200,-319800,9,0,7,1,0],[0,106200,-325200,9,0,16,1,0],[1,159300,-394200,162000,176400,12,1,0],
[0,111600,-375600,2,0,2,1,0],[0,111600,-382500,1,0,11,1,0],[0,111600,-388200,3,0,18,1,0],
[0,139800,-268200,1,0,1,1,0],[0,144000,-275700,6,0,6,1,0],[0,144000,-282900,6,0,9,1,0],
[1,144600,-266400,146400,147720,7,1,0],[1,121500,-284400,123600,130200,15,1,0],
[1,169200,-361800,170760,175440,12,1,0],[1,164400,-361800,166260,170940,12,1,0],
[1,126000,-352800,128040,132360,12,1,0],[1,120000,-352800,122160,126840,12,1,0],
[1,157200,-433800,159600,165600,25,1,0],[1,150000,-433800,152400,158400,23,1,0],
[1,144600,-279900,147180,151020,12,1,0],[1,141600,-279900,143760,147480,12,1,0],
[1,114600,-291600,117000,125400,13,1,0],[1,123600,-309600,126900,131100,12,1,0],
[1,122400,-365400,124740,130260,3,10,0],[1,114000,-354600,115680,122280,12,11,0],
[1,106800,-361200,108420,114780,16,12,0],[1,100200,-356400,102180,109020,12,13,0],
[1,92400,-354600,94200,100200,7,14,0],[1,145200,-401400,146580,150420,11,10,0],
[1,138000,-401400,140460,146340,11,11,0],[1,132000,-401400,133980,138060,11,12,0],
[1,135600,-282600,136920,141120,26,11,0],[1,130800,-282600,132360,136680,26,10,0],
[1,169200,-435000,171000,175440,11,1,0],[1,163200,-433800,165000,170400,11,1,0],
[1,162600,-324000,164040,168360,12,1,0],[1,157800,-324000,159300,163800,12,1,0],
[1,151200,-324000,153840,158640,12,1,0],[0,109800,-309000,10,0,3,1,0],[0,108000,-315000,5,0,12,1,0],
[1,123600,-331200,125760,130440,10,1,0],[1,117600,-331200,119880,125160,10,7,0],
[0,67800,-559800,12,0,11,1,0],[0,73200,-564000,12,0,11,1,0],[0,76200,-568800,14,0,11,1,0],
[0,78600,-574200,14,0,11,1,0],[0,78000,-576600,17,0,11,1,0],[0,132000,-318000,13,0,7,1,0],
[0,132000,-324600,7,0,16,1,0],[0,135000,-308400,12,0,0,5,0],[0,135000,-313500,12,0,20,5,0],
[1,149400,-336600,151440,155760,23,10,0],[1,144000,-336600,146220,150420,11,1,0],
[1,138000,-352800,139380,143220,10,1,0],[1,132000,-354600,134160,138840,10,7,0],
[1,109800,-333000,112200,117600,22,1,0],[1,102600,-328800,105480,110520,22,1,0],
[0,157200,-246600,1,0,7,1,0],[0,154200,-252600,12,0,20,1,0],[1,161220,-313200,163740,169500,33,1,0],
[1,149400,-303720,151560,157200,29,1,0],[1,167400,-335160,169320,175080,17,2,0],
[1,162000,-339300,164220,169380,17,2,0],[1,154800,-338400,157620,162780,17,2,0],
[0,129000,-325800,5,0,6,1,0],[0,129000,-333000,5,0,11,1,0],[0,130200,-340200,7,0,19,1,0],
[1,143400,-360000,144000,154800,11,1,0],[0,125100,-416100,1,0,3,19,0],[0,125100,-420000,1,0,11,16,0],
[0,125100,-426900,1,0,17,13,0],[0,153000,-258000,12,0,7,1,0],[1,142800,-297000,145560,150120,12,1,0],
[1,136800,-297000,139440,144120,12,1,0],[0,147900,-257400,15,0,0,1,0],
[1,157800,-360000,159900,164460,12,1,0],[1,152400,-361200,154200,159840,12,1,0],
[1,92400,-354600,94200,100200,7,15,0],[0,153000,-261000,11,0,11,1,0],
[1,135600,-282600,136920,141120,27,11,0],[1,130800,-282600,132360,136680,27,10,0],
[1,138600,-286200,140400,144900,12,1,0],[1,133200,-291600,134940,139980,12,1,0],
[0,145800,-378600,6,0,3,1,0],[0,145800,-386400,6,0,10,2,0],[0,145800,-391500,6,0,12,1,0],
[0,145800,-396300,6,0,17,2,0],[1,64200,-239160,64920,66360,3,4,0],
[1,130800,-308700,133500,139200,23,10,0],[1,121500,-284400,123600,130200,14,1,0],
[0,0,615600,0,0,11,1,0],[0,0,637200,0,0,11,1,0],[0,125100,-416100,1,0,3,18,0],
[0,125100,-420000,1,0,11,17,0],[1,91800,-328800,94200,100200,22,1,0],
[2,205200,-481200,323.13010235416664,1,30,0,323.13010235416664],[0,194400,-511200,1,0,11,1,0],
[0,194400,-525600,1,0,11,1,0],[0,194400,-540000,1,0,11,1,0],[0,194400,-554400,1,0,11,1,0],
[0,194400,-568800,1,0,11,1,0],[0,194400,-583200,1,0,11,1,0],[0,194400,-597600,1,0,11,1,0],
[0,194400,-612000,1,0,11,1,0],[1,183600,-633600,186600,193800,22,1,0],[0,0,-637200,0,0,11,1,0],
[0,0,-615600,0,0,11,1,0],[0,0,-594000,0,0,11,1,0],[0,0,-572400,0,0,11,1,0],[0,0,-550800,0,0,11,1,0],
[0,0,-529200,0,0,11,1,0],[0,0,-507600,0,0,11,1,0],[0,0,-486000,0,0,11,1,0],[0,0,-464400,0,0,11,1,0],
[0,0,-442800,0,0,11,1,0],[0,0,-421200,0,0,11,1,0],[0,0,-399600,0,0,11,1,0],[0,0,-378000,0,0,11,1,0],
[0,0,-356400,0,0,11,1,0],[0,0,-334800,0,0,11,1,0],[0,0,-313200,0,0,11,1,0],[0,0,-291600,0,0,11,1,0],
[0,0,-270000,0,0,11,1,0],[0,0,-248400,0,0,11,1,0],[0,48600,521100,17,0,0,4,0],
[0,0,507600,0,0,11,1,0],[0,0,529200,0,0,11,1,0],[0,0,-140400,0,0,11,1,0],
[0,109800,-309000,10,0,4,1,0],[0,108000,-315000,4,0,12,1,0],[0,0,-226800,0,0,11,1,0],
[0,0,-205200,0,0,11,1,0],[0,0,-183600,0,0,11,1,0],[0,0,-162000,0,0,11,1,0],[0,0,-118800,0,0,11,1,0],
[0,0,-97200,0,0,11,1,0],[0,0,-75600,0,0,11,1,0],[0,0,-54000,0,0,11,1,0],[0,0,-32400,0,0,11,1,0],
[0,0,-10800,0,0,11,1,0],[0,0,10800,0,0,11,1,0],[0,0,32400,0,0,11,1,0],[0,0,54000,0,0,11,1,0],
[0,0,75600,0,0,11,1,0],[0,0,97200,0,0,11,1,0],[0,0,118800,0,0,11,1,0],[0,0,140400,0,0,11,1,0],
[0,0,162000,0,0,11,1,0],[0,0,183600,0,0,11,1,0],[0,0,205200,0,0,11,1,0],[0,0,226800,0,0,11,1,0],
[0,0,248400,0,0,11,1,0],[0,0,270000,0,0,11,1,0],[0,0,291600,0,0,11,1,0],[0,0,313200,0,0,11,1,0],
[0,0,334800,0,0,11,1,0],[0,0,356400,0,0,11,1,0],[0,0,378000,0,0,11,1,0],[0,0,399600,0,0,11,1,0],
[0,0,421200,0,0,11,1,0],[0,0,442800,0,0,11,1,0],[0,0,464400,0,0,11,1,0],[0,0,486000,0,0,11,1,0],
[0,0,550800,0,0,11,1,0],[0,0,572400,0,0,11,1,0],[0,0,594000,0,0,11,1,0],[0,0,-637200,0,0,11,20,0],
[0,0,-594000,0,0,11,20,0],[0,0,-572400,0,0,11,20,0],[0,0,-550800,0,0,11,20,0],
[0,0,-529200,0,0,11,20,0],[0,0,-507600,0,0,11,20,0],[0,0,-486000,0,0,11,20,0],
[0,0,-464400,0,0,11,20,0],[0,0,-442800,0,0,11,20,0],[0,0,-421200,0,0,11,20,0],
[0,0,-399600,0,0,11,20,0],[0,0,-378000,0,0,11,20,0],[0,0,-356400,0,0,11,20,0],
[0,0,-334800,0,0,11,20,0],[0,0,-313200,0,0,11,20,0],[0,0,-291600,0,0,11,20,0],
[0,0,-270000,0,0,11,20,0],[0,0,-248400,0,0,11,20,0],[0,0,-226800,0,0,11,20,0],
[0,0,-205200,0,0,11,20,0],[0,0,-183600,0,0,11,20,0],[0,0,-162000,0,0,11,20,0],
[0,0,-140400,0,0,11,20,0],[0,0,-118800,0,0,11,20,0],[0,0,-97200,0,0,11,20,0],
[0,0,-75600,0,0,11,20,0],[0,0,-54000,0,0,11,20,0],[0,0,-32400,0,0,11,20,0],[0,0,-10800,0,0,11,20,0],
[0,0,10800,0,0,11,20,0],[0,0,32400,0,0,11,20,0],[0,0,54000,0,0,11,20,0],[0,0,75600,0,0,11,20,0],
[0,0,97200,0,0,11,20,0],[0,0,118800,0,0,11,20,0],[0,0,140400,0,0,11,20,0],[0,0,162000,0,0,11,20,0],
[0,0,183600,0,0,11,20,0],[0,0,205200,0,0,11,20,0],[0,0,226800,0,0,11,20,0],[0,0,248400,0,0,11,20,0],
[0,0,270000,0,0,11,20,0],[0,0,291600,0,0,11,20,0],[0,0,313200,0,0,11,20,0],[0,0,334800,0,0,11,20,0],
[0,0,356400,0,0,11,20,0],[0,0,378000,0,0,11,20,0],[0,0,399600,0,0,11,20,0],[0,0,421200,0,0,11,20,0],
[0,0,442800,0,0,11,20,0],[0,0,464400,0,0,11,20,0],[0,0,486000,0,0,11,20,0],[0,0,507600,0,0,11,20,0],
[0,0,529200,0,0,11,20,0],[0,0,550800,0,0,11,20,0],[0,0,572400,0,0,11,20,0],[0,0,594000,0,0,11,20,0],
[0,0,615600,0,0,11,20,0],[0,0,637200,0,0,11,20,0]
];
var RN=[
[2195,2,2,10,3],[2222,3,6,1,3],[2225,19,16,1,3],[2246,2,4,1,69],[2248,3,76,1,3],[2251,3,84,1,3],
[2254,2,94,1,3],[2256,2,99,1,4],[2258,7,106,1,3],[2265,2,126,1,3],[2267,2,133,1,3],[2269,2,138,1,3],
[2271,2,145,1,3],[2273,2,150,1,4],[2275,5,157,1,3],[2280,3,171,1,3],[2283,7,181,1,3],
[2759,2,203,1,3],[2761,3,8,1,3],[2764,2,209,1,3],[2766,16,17,1,3],[2782,5,215,1,3],[2787,3,65,1,3],
[2790,8,230,1,3],[2798,2,5,1,69],[2800,4,254,1,3],[2804,3,77,1,3],[2807,2,266,1,-177],
[2809,4,269,1,3],[2813,2,95,1,3],[2815,3,281,1,3],[2818,2,101,1,189],[2820,4,293,1,3],
[2824,2,113,1,-9],[2826,6,107,1,3],[2832,2,128,1,3],[2834,2,305,1,3],[2836,4,134,1,3],
[2840,3,311,1,3],[2843,5,155,1,3],[2848,2,320,1,-147],[2850,2,176,1,3],[2852,3,323,1,3],
[2855,2,188,1,3],[2857,2,332,1,3],[2859,3,194,1,3],[2862,5,338,1,3],[2867,3,6,1,3],[2870,19,16,1,3],
[2891,2,4,1,69],[2893,3,76,1,3],[2896,3,84,1,3],[2899,2,94,1,3],[2901,2,99,1,4],[2903,6,106,1,3],
[2909,2,126,1,3],[2911,2,133,1,3],[2913,2,138,1,3],[2915,6,154,1,3],[2921,3,171,1,3],
[2924,7,181,1,3],[2965,2,235,1,3],[2967,2,235,1,3],[3088,2,353,1,-1],[3090,2,353,1,-1],
[3358,2,356,2,-204],[3361,2,150,1,-4],[3363,2,145,1,4],[3365,2,148,7,211],[3373,2,362,31,-7],
[3417,4,241,1,3],[3421,2,364,1,3],[3423,2,298,1,-186],[3425,4,241,1,3],[3429,2,364,1,3],
[3431,2,298,1,-186],[3433,2,208,1,3],[3435,2,229,1,3],[3437,2,301,1,9],[3441,2,208,1,3],
[3443,2,229,1,3],[3445,2,301,1,9],[3451,2,253,1,3],[3453,2,370,2,-54],[3456,2,253,1,3],
[3458,2,313,1,3],[3465,2,203,1,3],[3468,10,374,1,3],[3478,2,11,1,-2],[3480,2,8,1,-2],
[3482,2,14,1,-2],[3484,2,209,1,-1],[3486,2,212,1,-1],[3489,2,17,1,-1],[3491,2,20,1,-1],
[3493,2,23,1,-1],[3495,2,26,1,-1],[3497,2,29,1,-1],[3499,2,32,1,-1],[3501,2,38,1,-1],
[3503,2,35,1,-1],[3505,2,41,1,-1],[3507,2,44,1,-1],[3509,2,47,1,-1],[3511,2,50,1,-1],
[3514,2,56,1,-1],[3516,2,53,1,-1],[3518,2,59,1,-1],[3520,2,62,1,-1],[3522,2,68,1,-1],
[3524,2,65,1,-1],[3526,2,71,1,-1],[3528,2,230,1,-1],[3530,2,233,1,-1],[3532,2,236,1,-1],
[3534,2,239,1,-1],[3536,2,242,1,-1],[3538,2,245,1,-1],[3540,2,248,1,-1],[3542,2,251,1,-1],
[3544,2,5,1,-1],[3546,2,353,1,-1],[3548,2,74,1,-1],[3550,2,254,1,-1],[3552,2,257,1,-1],
[3557,2,260,1,3],[3559,2,77,1,95],[3566,2,175,1,3],[3568,3,172,1,3],[3582,2,76,1,7],[3584,2,82,1,-2],
[3586,2,79,1,10],[3588,2,87,1,179],[3590,2,84,2,185],[3593,2,90,1,185],[3595,2,272,1,6],
[3597,2,95,1,-1],[3599,2,98,1,-1],[3601,2,284,1,-3],[3603,2,287,1,-186],[3605,2,99,1,191],
[3607,2,296,1,71],[3609,2,293,1,71],[3611,2,299,1,-1],[3613,2,302,1,-1],[3615,2,113,1,-1],
[3617,2,107,1,-1],[3619,2,104,1,-1],[3621,2,110,1,-1],[3623,2,116,1,-1],[3625,2,113,1,-1],
[3627,2,122,1,-1],[3629,2,119,1,-1],[3631,2,356,1,-1],[3633,2,128,1,-2],[3635,2,131,1,-2],
[3637,2,305,1,3],[3639,2,134,1,-1],[3641,2,137,1,-1],[3645,2,140,1,-2],[3647,2,143,1,-2],
[3649,2,146,1,-1],[3651,2,149,1,-1],[3653,2,311,1,-1],[3655,2,152,1,-2],[3657,2,314,1,-1],
[3659,2,317,1,-1],[3661,2,155,1,-1],[3663,2,164,1,-1],[3667,2,158,1,-1],[3669,2,161,1,-1],
[3671,2,320,1,-151],[3673,2,167,1,-1],[3675,2,176,1,-2],[3677,3,175,1,-2],[3680,2,172,1,7],
[3682,2,177,1,1],[3684,2,323,1,3],[3686,2,181,1,148],[3688,2,184,1,4],[3690,2,187,1,4],
[3692,2,190,1,142],[3694,2,335,1,-138],[3696,2,196,1,-2],[3698,2,193,1,7],[3700,2,199,2,139],
[3703,3,341,1,3],[3706,2,359,1,3],[3708,19,404,1,3],[3728,2,304,1,3],[3730,4,337,1,3],
[3734,2,304,1,3],[3736,4,337,1,3],[3740,10,431,1,3],[3750,2,413,1,3],[3753,2,304,1,3],
[3755,4,337,1,3],[3759,2,220,1,0],[4217,2,358,197,103],[4420,2,361,1,42],[4422,12,406,1,3],
[4437,2,350,1,104],[4439,2,457,18,-144],[5646,2,322,8,0],[5655,2,322,652,28],[6328,2,359,1,3],
[6330,19,404,1,3],[6355,2,203,1,3],[6394,10,374,1,3],[6404,2,11,1,-2],[6406,2,8,1,-2],
[6408,2,14,1,-2],[6410,2,209,1,-1],[6412,2,212,1,-1],[6415,2,17,1,-1],[6417,2,20,1,-1],
[6419,2,23,1,-1],[6421,2,26,1,-1],[6423,2,29,1,-1],[6425,2,32,1,-1],[6427,2,38,1,-1],
[6429,2,35,1,-1],[6431,2,41,1,-1],[6433,2,44,1,-1],[6435,2,47,1,-1],[6437,2,50,1,-1],
[6440,2,56,1,-1],[6442,2,53,1,-1],[6444,2,59,1,-1],[6446,2,62,1,-1],[6448,2,68,1,-1],
[6450,2,65,1,-1],[6452,2,71,1,-1],[6454,2,230,1,-1],[6456,2,233,1,-1],[6458,2,236,1,-1],
[6460,2,239,1,-1],[6462,2,242,1,-1],[6464,2,245,1,-1],[6466,2,248,1,-1],[6468,2,251,1,-1],
[6470,2,5,1,-1],[6472,2,353,1,-1],[6474,2,74,1,-1],[6476,2,254,1,-1],[6478,2,257,1,-1],
[6483,2,260,1,-1],[6485,2,263,1,-1],[6487,2,77,1,-1],[6489,2,83,1,-1],[6491,2,80,1,-1],
[6493,2,89,1,-2],[6495,2,266,1,-182],[6498,2,269,1,-179],[6500,2,275,1,-1],[6502,2,272,1,-1],
[6504,2,278,1,-1],[6506,2,95,1,-1],[6509,2,98,1,-1],[6511,2,284,1,-3],[6513,2,287,1,-186],
[6515,2,99,1,191],[6518,2,296,1,71],[6520,2,293,1,71],[6522,2,299,1,-1],[6524,2,302,1,-1],
[6526,2,113,1,-1],[6528,2,107,1,-1],[6530,2,104,1,-1],[6532,2,110,1,-1],[6534,2,116,1,-1],
[6536,2,113,1,-1],[6538,2,122,1,-1],[6540,2,119,1,-1],[6542,2,356,1,-1],[6544,2,128,1,-2],
[6546,2,131,1,-2],[6548,2,305,1,-1],[6550,2,308,1,-1],[6552,2,134,1,-1],[6554,2,137,1,-1],
[6558,2,140,1,-2],[6560,2,143,1,-2],[6562,2,146,1,-1],[6564,2,149,1,-1],[6566,2,350,1,-39],
[6568,2,310,1,-158],[6570,2,150,1,164],[6572,2,313,1,4],[6574,2,316,1,-161],[6576,2,154,1,10],
[6578,2,163,3,-5],[6582,2,157,1,4],[6584,2,160,1,160],[6586,2,169,1,-2],[6588,2,166,1,157],
[6590,2,322,2,4],[6593,2,181,1,148],[6595,2,184,1,4],[6597,2,187,1,4],[6599,2,190,1,142],
[6601,2,331,1,4],[6603,2,334,2,-138],[6606,2,194,1,-1],[6608,2,200,1,-1],[6611,2,338,1,-1],
[6613,2,341,1,-1],[6615,2,347,1,-1],[6617,2,344,1,-1],[6619,2,176,1,-3],[6621,2,179,4,-4],
[6626,2,172,1,6],[6628,5,215,1,3],[6633,2,220,1,193],[6635,2,416,1,-414],[6637,2,461,242,-264],
[6880,2,289,4,-149],[6885,2,138,1,5],[6887,2,141,1805,323],[8693,2,467,1019,3],[9748,2,472,1,3],
[26847,2,259,1,3],[26849,3,271,1,3],[26852,2,289,1,42],[26854,2,334,1,-75],[26856,2,262,1,9],
[26858,2,274,1,3],[26860,2,289,1,42],[26862,2,334,1,-75],[26864,2,262,1,9],[26866,2,274,1,3],
[26868,2,289,1,42],[26870,2,334,31,70],[26902,18,407,1,3],[26920,4,479,1,3],[26929,2,203,1,3],
[26931,10,374,1,3],[26941,6,17,1,3],[26948,3,8,1,3],[26951,2,209,1,3],[26953,8,35,1,3],
[26961,5,215,1,3],[26966,5,59,1,3],[26971,8,230,1,3],[26980,2,74,1,180],[26982,3,257,1,3],
[26985,3,77,1,3],[26988,2,266,1,-177],[26990,4,269,1,3],[26994,2,95,1,3],[26996,3,281,1,3],
[32100,2,101,4,189],[32107,4,293,1,3],[32111,2,113,1,-9],[32113,9,107,1,3],[32122,2,305,1,3],
[32124,6,134,1,3],[32130,2,311,3,-159],[32134,2,314,1,3],[32136,5,155,1,3],[32141,2,320,1,-147],
[32143,2,176,1,3],[32145,3,323,1,3],[32148,2,188,1,3],[32150,2,332,1,3],[32152,3,194,1,3],
[32155,4,338,1,3],[32161,2,350,3,92],[32165,3,445,1,3],[32199,2,371,402,33],[32602,18,407,1,3],
[32620,4,479,1,3],[32624,2,470,1,21],[32626,28,494,1,3],[32654,2,464,1,3],[32656,3,578,1,3],
[32659,2,359,1,3],[32664,4,442,1,3],[32701,2,587,1,-585],[32703,58,590,1,3]
];
function ecn(ax,fi){
 var fl=1.0/fi;
 var e2=2*fl-fl*fl;
 var n3=fl/(2-fl);
 return [e2,Sqrt(e2),e2/(1-e2),ax/(1+n3)*(1+Pow(n3,2)/4+Pow(n3,4)/64),
  -3*n3/2+9*Pow(n3,3)/16,15*Pow(n3,2)/16-15*Pow(n3,4)/32,-35*Pow(n3,3)/48,315*Pow(n3,4)/512,
  3*n3/2-27*Pow(n3,3)/32,21*Pow(n3,2)/16-55*Pow(n3,4)/32,151*Pow(n3,3)/96,1097*Pow(n3,4)/512,
  e2/2+5*Pow(e2,2)/24+Pow(e2,3)/12+13*Pow(e2,4)/360,
  7*Pow(e2,2)/48+29*Pow(e2,3)/240+811*Pow(e2,4)/11520,
  7*Pow(e2,3)/120+81*Pow(e2,4)/1120,4279*Pow(e2,4)/161280,ax];
}
var EL=[ecn(6378137,298.257222101),ecn(6378137,298.257223563)];
function rd(dv){ return dv*PI/180.0; }
function dg(rv){ return rv*180.0/PI; }
function ma(ph,es){ return es[3]*(ph+es[4]*Sin(2*ph)+es[5]*Sin(4*ph)+es[6]*Sin(6*ph)+es[7]*Sin(8*ph)); }
function fpr(mu,es){ return mu+es[8]*Sin(2*mu)+es[9]*Sin(4*mu)+es[10]*Sin(6*mu)+es[11]*Sin(8*mu); }
function cpr(ch,es){ return ch+es[12]*Sin(2*ch)+es[13]*Sin(4*ch)+es[14]*Sin(6*ch)+es[15]*Sin(8*ch); }
function tfn(ph,es){ return Tan(PI/4-ph/2)/Pow((1-es[1]*Sin(ph))/(1+es[1]*Sin(ph)),es[1]/2); }
function mfn(ph,es){ return Cos(ph)/Sqrt(1-es[0]*Pow(Sin(ph),2)); }
function bad(ms){ if(MD=="RULE"){ return {"errorMessage":ms}; } return FV; }
function iTM(xx,yy,zr,es){
 var k0=zr[3];
 var mu=(yy-zr[6]+k0*ma(rd(zr[1]),es))/(k0*es[3]);
 var ph=fpr(mu,es);
 var qq=(xx-zr[5])/(k0*es[16]/Sqrt(1-es[0]*Pow(Sin(ph),2)));
 var q2=qq*qq;
 var tn=Tan(ph);
 var t2=tn*tn;
 var t4=t2*t2;
 var et=es[2]*Pow(Cos(ph),2);
 var b2=-0.5*tn*(1+et);
 var b4=-(1.0/12.0)*(5+3*t2+et*(1-9*t2)-4*et*et);
 var b6=(1.0/360.0)*(61+90*t2+45*t4+et*(46-252*t2-90*t4));
 var b3=-(1.0/6.0)*(1+2*t2+et);
 var b5=(1.0/120.0)*(5+28*t2+24*t4+et*(6+8*t2));
 var b7=-(1.0/5040.0)*(61+662*t2+1320*t4+720*t2*t4);
 var ph2=ph+b2*q2*(1+q2*(b4+b6*q2));
 var lm=rd(zr[2])+qq*(1+q2*(b3+q2*(b5+b7*q2)))/Cos(ph);
 return [dg(ph2),dg(lm)];
}
function iLC(xx,yy,zr,es){
 var s1=rd(zr[3]);
 var s2=rd(zr[4]);
 var t1=tfn(s1,es);
 var t2=tfn(s2,es);
 var nn=0;
 if(Abs(s1-s2)<0.000000000001){ nn=Sin(s1); } else { nn=(Log(mfn(s1,es))-Log(mfn(s2,es)))/(Log(t1)-Log(t2)); }
 var fk=mfn(s1,es)/(nn*Pow(t1,nn));
 var r0=es[16]*fk*Pow(tfn(rd(zr[1]),es),nn);
 var dx=xx-zr[5];
 var dy=r0-(yy-zr[6]);
 var sg=IIf(nn>0,1.0,-1.0);
 var tt=Pow(sg*Sqrt(dx*dx+dy*dy)/(es[16]*fk),1.0/nn);
 return [dg(cpr(PI/2-2*Atan(tt),es)),dg(rd(zr[2])+Atan2(sg*dx,sg*dy)/nn)];
}
function iHO(xx,yy,zr,es){
 var e2=es[0];
 var pc=rd(zr[1]);
 var kc=zr[4];
 var sn=Sin(pc);
 var bb=Sqrt(1+e2*Pow(Cos(pc),4)/(1-e2));
 var ab=es[16]*bb*kc*Sqrt(1-e2)/(1-e2*sn*sn);
 var dd=bb*Sqrt(1-e2)/(Cos(pc)*Sqrt(1-e2*sn*sn));
 var fk=dd+Sqrt(Max(dd*dd,1.0)-1)*IIf(pc>=0,1.0,-1.0);
 var hh=fk*Pow(tfn(pc,es),bb);
 var gg=(fk-1/fk)/2;
 var ga=Asin(Sin(rd(zr[3]))/dd);
 var lc=rd(zr[2])-Asin(gg*Tan(ga))/bb;
 var rg=rd(zr[7]);
 var de=xx-zr[5];
 var dn=yy-zr[6];
 var vv=de*Cos(rg)-dn*Sin(rg);
 var uu=dn*Cos(rg)+de*Sin(rg);
 var qq=Exp(-(bb*vv)/ab);
 var ss=(qq-1/qq)/2;
 var tt=(qq+1/qq)/2;
 var vs=Sin(bb*uu/ab);
 var us=(vs*Cos(ga)+ss*Sin(ga))/tt;
 var tp=Pow(hh/Sqrt((1+us)/(1-us)),1.0/bb);
 return [dg(cpr(PI/2-2*Atan(tp),es)),dg(lc-Atan2(ss*Cos(ga)-vs*Sin(ga),Cos(bb*uu/ab))/bb)];
}
var gm=Geometry($feature);
if(IsEmpty(gm)){ return bad("No geometry."); }
var ky=Text(gm.spatialReference.wkid);
var wn=Number(ky);
var ct=Centroid(gm);
var ll=[0,0];
if(Includes(GW,wn)){
 ll=[ct.Y,ct.X];
} else {
 var pk=-1;
 for(var i=0;i<Count(RN);i++){
  var rr=RN[i];
  var dd=wn-rr[0];
  if(dd>=0 && dd<=rr[3]*(rr[1]-1) && dd%rr[3]==0){ pk=rr[2]+(dd/rr[3])*rr[4]; break; }
 }
 if(pk<0){ return bad("WKID "+ky+" is not a supported coordinate system for this build."); }
 var zi=Floor(pk/3);
 var es=EL[IIf(wn>=32601&&wn<=32760,1,0)];
 var um=UT[pk-Floor(pk/3)*3];
 var zc=ZN[zi];
 var zz=[zc[0],zc[1]/3600,zc[2]/3600,0,0,FE[zc[5]],FN[zc[6]],zc[7]/3600];
 if(zc[0]==0){ zz[3]=KS[zc[3]]; }
 else if(zc[0]==1){ zz[3]=zc[3]/3600; zz[4]=zc[4]/3600; }
 else { zz[3]=zc[3]; zz[4]=KS[zc[4]]; zz[7]=zc[7]; }
 var xm=ct.X*um;
 var ym=ct.Y*um;
 if(zz[0]==0){ ll=iTM(xm,ym,zz,es); } else if(zz[0]==1){ ll=iLC(xm,ym,zz,es); } else { ll=iHO(xm,ym,zz,es); }
}
var la=Round(ll[0],9);
var lr=ll[1];
if(lr>180){ lr=lr-360; }
if(lr<-180){ lr=lr+360; }
var lo=Round(lr,9);
if(IsNan(la)||IsNan(lo)||Abs(la)>90||Abs(lo)>180){ return bad("Inverse projection failed for WKID "+ky+"."); }
if(MD=="LAT"){ return la; }
if(MD=="LON"){ return lo; }
if(MD=="BOTH"){ return "Lat: "+Text(la,FMT)+", Lon: "+Text(lo,FMT); }
return {"result":{"attributes":Dictionary(LF,la,NF,lo)}};
